0.000000000 -1.424517653 -1.809035075 
0.023498617 -1.412907208 -1.844374166 
0.046983574 -1.363502388 -1.841636697 
0.070482191 -1.290595302 -1.813408652 
0.093980808 -1.215952067 -1.782155940 
0.117479425 -1.148105021 -1.753833550 
0.140964382 -1.090404059 -1.730557202 
0.164462999 -1.044210851 -1.710297378 
0.187961616 -1.010001250 -1.699721415 
0.211451573 -0.987883004 -1.698950902 
0.234945191 -0.977808017 -1.704033503 
0.258443808 -0.979710515 -1.717667023 
0.281942425 -0.993528505 -1.736965736 
0.305432383 -1.019045799 -1.766312398 
0.328926001 -1.055483800 -1.804348434 
0.352424618 -1.101629943 -1.852333494 
0.375914575 -1.157075738 -1.912613460 
0.399413192 -1.221996261 -1.983023811 
0.422906811 -1.295976330 -2.058884866 
0.446405428 -1.378000936 -2.142028996 
0.469895385 -1.466768359 -2.228645963 
0.493394002 -1.560780554 -2.320620799 
0.516887620 -1.658352742 -2.416104017 
0.540377578 -1.757571947 -2.512256956 
0.563876195 -1.856209257 -2.606830073 
0.587374812 -1.952313578 -2.698650870 
0.610868430 -2.046328509 -2.788012225 
0.634358387 -2.129902885 -2.866502220 
0.657857004 -2.197181094 -2.928552826 
0.681355621 -2.241139044 -2.968748825 
0.704840578 -2.256170441 -2.980228249 
0.716588059 -2.252611976 -2.978445719 
0.728330537 -2.242513790 -2.970123665 
0.740081678 -2.226973160 -2.956359349 
0.751829158 -2.207256170 -2.938318020 
0.763571637 -2.184620293 -2.917055542 
0.775327776 -2.160213052 -2.894021863 
0.787070254 -2.135025169 -2.870207652 
0.798812732 -2.109876437 -2.846197784 
0.810568871 -2.085451708 -2.822677173 
0.822311350 -2.062292787 -2.800422470 
0.834053828 -2.040814189 -2.779848097 
0.845809967 -2.022239374 -2.760728480 
0.857552445 -2.006805959 -2.744652144 
0.869308584 -1.993544124 -2.730747644 
0.881051063 -1.982434070 -2.718995695 
0.892793541 -1.973214516 -2.688784545 
0.904549680 -1.964636713 -2.659170005 
0.916292158 -1.941879244 -2.636038342 
0.928034637 -1.891681835 -2.570510470 
0.939790776 -1.787534270 -2.448943061 
0.951533254 -1.674871310 -2.319250960 
0.963275733 -1.564100251 -2.191648671 
0.975031871 -1.457476097 -2.073713210 
0.986774350 -1.356135544 -1.966534736 
0.998521830 -1.260966784 -1.865677771 
1.010272971 -1.172839262 -1.772043706 
1.022015449 -1.092813767 -1.695812051 
1.033771588 -1.022523745 -1.637766562 
1.045514066 -0.965223289 -1.602119945 
1.057256545 -0.928205522 -1.594966812 
1.069012684 -0.965223289 -1.602119945 
1.080755162 -1.022523745 -1.637766562 
1.092502643 -1.092813767 -1.695812051 
1.104253783 -1.172839262 -1.772043706 
1.115996262 -1.260966784 -1.865677771 
1.127743742 -1.356135544 -1.966534736 
1.139494883 -1.457476097 -2.073713210 
1.151237361 -1.564100251 -2.191648671 
1.162984842 -1.674871310 -2.319250960 
1.174735982 -1.787534270 -2.448943061 
1.186483463 -1.891681835 -2.570510470 
1.198234603 -1.941879244 -2.636038342 
1.209977081 -1.964636713 -2.659170005 
1.221724562 -1.973214516 -2.688784545 
1.233475702 -1.982434070 -2.718995695 
1.245218181 -1.993544124 -2.730747644 
1.256965661 -2.006805959 -2.744652144 
1.268716802 -2.022239374 -2.760728480 
1.280464282 -2.040814189 -2.779848097 
1.292206761 -2.062292787 -2.800422470 
1.303957901 -2.085451708 -2.822677173 
1.315705382 -2.109876437 -2.846197784 
1.327447860 -2.135025169 -2.870207652 
1.339199000 -2.160213052 -2.894021863 
1.350946481 -2.184620293 -2.917055542 
1.362697621 -2.207256170 -2.938318020 
1.374440100 -2.226973160 -2.956359349 
1.386187580 -2.242513790 -2.970123665 
1.397938721 -2.252611976 -2.978445719 
1.409686201 -2.256170441 -2.980228249 
1.433186201 -2.241139046 -2.968748827 
1.456676201 -2.197181097 -2.928552829 
1.480176201 -2.129902889 -2.866502224 
1.503666201 -2.046328514 -2.788012229 
1.527166201 -1.952313583 -2.698650875 
1.550656201 -1.856209261 -2.606830077 
1.574156201 -1.757571951 -2.512256960 
1.597646201 -1.658352746 -2.416104021 
1.621146201 -1.560780558 -2.320620802 
1.644636201 -1.466768362 -2.228645967 
1.668136201 -1.378000939 -2.142028999 
1.691626201 -1.295976333 -2.058884868 
1.715126201 -1.221996262 -1.983023813 
1.738616201 -1.157075740 -1.912613462 
1.762116201 -1.101629944 -1.852333495 
1.785606201 -1.055483801 -1.804348435 
1.809106201 -1.019045799 -1.766312399 
1.832596201 -0.993528505 -1.736965737 
1.856096201 -0.979710516 -1.717667024 
1.879586201 -0.977808017 -1.704033503 
1.903086201 -0.987883005 -1.698950903 
1.926576201 -1.010001251 -1.699721416 
1.950076201 -1.044210853 -1.710297380 
1.973566201 -1.090404061 -1.730557204 
1.997066201 -1.148105023 -1.753833553 
2.020556201 -1.215952070 -1.782155944 
2.044056201 -1.290595306 -1.813408656 
2.067546201 -1.363502393 -1.841636702 
2.091046201 -1.412907211 -1.844374169 
2.114536201 -1.424517653 -1.809035075 

0.000000000 -1.424517653 -1.809035075 
0.023498617 -1.411529151 -1.842997157 
0.046983574 -1.357790475 -1.835164130 
0.070482191 -1.280870619 -1.796795144 
0.093980808 -1.202262980 -1.757247391 
0.117479425 -1.130368874 -1.725919901 
0.140964382 -1.068667455 -1.699477429 
0.164462999 -1.018703097 -1.675922642 
0.187961616 -0.981103992 -1.663231027 
0.211451573 -0.956062105 -1.661593201 
0.234945191 -0.943519358 -1.667059007 
0.258443808 -0.943316209 -1.681646052 
0.281942425 -0.955284591 -1.703359305 
0.305432383 -0.979359292 -1.736025656 
0.328926001 -1.015592414 -1.776919631 
0.352424618 -1.063696384 -1.830384344 
0.375914575 -1.122715064 -1.888420582 
0.399413192 -1.191566808 -1.956622860 
0.422906811 -1.269303640 -2.035041022 
0.446405428 -1.354914226 -2.120507394 
0.469895385 -1.447217118 -2.210180054 
0.493394002 -1.544819699 -2.305331712 
0.516887620 -1.646122874 -2.404431329 
0.540377578 -1.749299733 -2.504386382 
0.563876195 -1.852216314 -2.603054396 
0.587374812 -1.951600414 -2.697843086 
0.610868430 -2.040401848 -2.782073995 
0.634358387 -2.118314027 -2.855328280 
0.657857004 -2.179936772 -2.912264877 
0.681355621 -2.219409293 -2.948549353 
0.704840578 -2.232705037 -2.958871101 
0.716588059 -2.229577989 -2.957231054 
0.728330537 -2.220691571 -2.949831611 
0.740081678 -2.206965960 -2.937593001 
0.751829158 -2.189466951 -2.921491142 
0.763571637 -2.169274169 -2.902425716 
0.775327776 -2.147399505 -2.881678444 
0.787070254 -2.124740763 -2.860147148 
0.798812732 -2.102058632 -2.838428995 
0.810568871 -2.080002600 -2.817173392 
0.822311350 -2.059094555 -2.797065700 
0.834053828 -2.039738806 -2.778510146 
0.845809967 -2.021322153 -2.760019392 
0.857552445 -2.004023039 -2.741970005 
0.869308584 -1.989010189 -2.726206954 
0.881051063 -1.976239513 -2.712686409 
0.892793541 -1.965423500 -2.687808036 
0.904549680 -1.955570683 -2.663879544 
0.916292158 -1.941658578 -2.614874152 
0.928034637 -1.840167056 -2.496290918 
0.939790776 -1.720828156 -2.372981309 
0.951533254 -1.603240610 -2.251547535 
0.963275733 -1.489573651 -2.134149266 
0.975031871 -1.380869446 -2.022719937 
0.986774350 -1.278092948 -1.918535197 
0.998521830 -1.182279089 -1.822018346 
1.010272971 -1.094857895 -1.734707460 
1.022015449 -1.018308114 -1.637395271 
1.033771588 -0.957811980 -1.566245602 
1.045514066 -0.924078124 -1.551824653 
1.057256545 -0.928205522 -1.594966812 
1.069012684 -0.924078124 -1.551824653 
1.080755162 -0.957811980 -1.566245602 
1.092502643 -1.018308114 -1.637395271 
1.104253783 -1.094857895 -1.734707460 
1.115996262 -1.182279089 -1.822018346 
1.127743742 -1.278092948 -1.918535197 
1.139494883 -1.380869446 -2.022719937 
1.151237361 -1.489573651 -2.134149266 
1.162984842 -1.603240610 -2.251547535 
1.174735982 -1.720828156 -2.372981309 
1.186483463 -1.840167056 -2.496290918 
1.198234603 -1.941658578 -2.614874152 
1.209977081 -1.955570683 -2.663879544 
1.221724562 -1.965423500 -2.687808036 
1.233475702 -1.976239513 -2.712686409 
1.245218181 -1.989010189 -2.726206954 
1.256965661 -2.004023039 -2.741970005 
1.268716802 -2.021322153 -2.760019392 
1.280464282 -2.039738806 -2.778510146 
1.292206761 -2.059094555 -2.797065700 
1.303957901 -2.080002600 -2.817173392 
1.315705382 -2.102058632 -2.838428995 
1.327447860 -2.124740763 -2.860147148 
1.339199000 -2.147399505 -2.881678444 
1.350946481 -2.169274169 -2.902425716 
1.362697621 -2.189466951 -2.921491143 
1.374440100 -2.206965960 -2.937593001 
1.386187580 -2.220691571 -2.949831611 
1.397938721 -2.229577989 -2.957231054 
1.409686201 -2.232705037 -2.958871101 
1.433186201 -2.219409294 -2.948549355 
1.456676201 -2.179936775 -2.912264879 
1.480176201 -2.118314031 -2.855328283 
1.503666201 -2.040401852 -2.782073999 
1.527166201 -1.951600418 -2.697843091 
1.550656201 -1.852216318 -2.603054401 
1.574156201 -1.749299738 -2.504386386 
1.597646201 -1.646122878 -2.404431333 
1.621146201 -1.544819702 -2.305331715 
1.644636201 -1.447217121 -2.210180057 
1.668136201 -1.354914229 -2.120507396 
1.691626201 -1.269303643 -2.035041025 
1.715126201 -1.191566810 -1.956622862 
1.738616201 -1.122715066 -1.888420584 
1.762116201 -1.063696386 -1.830384346 
1.785606201 -1.015592415 -1.776919632 
1.809106201 -0.979359293 -1.736025657 
1.832596201 -0.955284591 -1.703359305 
1.856096201 -0.943316209 -1.681646052 
1.879586201 -0.943519359 -1.667059008 
1.903086201 -0.956062105 -1.661593202 
1.926576201 -0.981103993 -1.663231028 
1.950076201 -1.018703098 -1.675922643 
1.973566201 -1.068667457 -1.699477430 
1.997066201 -1.130368876 -1.725919903 
2.020556201 -1.202262983 -1.757247394 
2.044056201 -1.280870623 -1.796795147 
2.067546201 -1.357790479 -1.835164134 
2.091046201 -1.411529153 -1.842997159 
2.114536201 -1.424517653 -1.809035075 

0.000000000 -0.158271043 -0.353002646 
0.023498617 -0.159875130 -0.355645548 
0.046983574 -0.165086137 -0.363040278 
0.070482191 -0.174796483 -0.382971404 
0.093980808 -0.190501373 -0.407353741 
0.117479425 -0.214161617 -0.435057887 
0.140964382 -0.247972566 -0.472915858 
0.164462999 -0.294037799 -0.523028417 
0.187961616 -0.353790536 -0.585773433 
0.211451573 -0.427386446 -0.661289570 
0.234945191 -0.512984969 -0.746340984 
0.258443808 -0.606252310 -0.837314387 
0.281942425 -0.700049692 -0.927146402 
0.305432383 -0.784637539 -1.006802890 
0.328926001 -0.849747585 -1.073341290 
0.352424618 -0.888664779 -1.113976420 
0.375914575 -0.901154210 -1.129263017 
0.399413192 -0.892380610 -1.121181258 
0.422906811 -0.868491444 -1.091239113 
0.446405428 -0.833153986 -1.047294569 
0.469895385 -0.787342408 -0.986184152 
0.493394002 -0.730743049 -0.911596706 
0.516887620 -0.663274193 -0.821893090 
0.540377578 -0.586063113 -0.725298815 
0.563876195 -0.501752196 -0.624477463 
0.587374812 -0.414577849 -0.522049729 
0.610868430 -0.330123870 -0.423100637 
0.634358387 -0.254952369 -0.339735642 
0.657857004 -0.195886509 -0.274576616 
0.681355621 -0.158702349 -0.233237557 
0.704840578 -0.146322514 -0.216979556 
0.716588059 -0.149238108 -0.221834305 
0.728330537 -0.157573024 -0.232108264 
0.740081678 -0.170588305 -0.247062525 
0.751829158 -0.187419793 -0.266655934 
0.763571637 -0.207158679 -0.291625557 
0.775327776 -0.228906290 -0.318603863 
0.787070254 -0.251837416 -0.346765663 
0.798812732 -0.275219420 -0.377601908 
0.810568871 -0.298448320 -0.410508668 
0.822311350 -0.321059487 -0.442797744 
0.834053828 -0.342711511 -0.474127737 
0.845809967 -0.363168201 -0.506518256 
0.857552445 -0.382348955 -0.538384486 
0.869308584 -0.400252975 -0.568973724 
0.881051063 -0.417001816 -0.598407677 
0.892793541 -0.432800559 -0.629469335 
0.904549680 -0.447940359 -0.659845258 
0.916292158 -0.462794986 -0.689925338 
0.928034637 -0.477778821 -0.720094756 
0.939790776 -0.493367032 -0.750684135 
0.951533254 -0.510068546 -0.782317044 
0.963275733 -0.528391794 -0.815489994 
0.975031871 -0.548825880 -0.847990566 
0.986774350 -0.571746862 -0.879821287 
0.998521830 -0.597324076 -0.913559771 
1.010272971 -0.625226334 -0.948774242 
1.022015449 -0.653947061 -0.998862798 
1.033771588 -0.679074651 -1.032964452 
1.045514066 -0.690508856 -1.023457162 
1.057256545 -0.677527154 -0.969737932 
1.069012684 -0.690508856 -1.023457162 
1.080755162 -0.679074651 -1.032964452 
1.092502643 -0.653947061 -0.998862798 
1.104253783 -0.625226334 -0.948774242 
1.115996262 -0.597324076 -0.913559771 
1.127743742 -0.571746862 -0.879821287 
1.139494883 -0.548825880 -0.847990566 
1.151237361 -0.528391794 -0.815489994 
1.162984842 -0.510068546 -0.782317044 
1.174735982 -0.493367032 -0.750684135 
1.186483463 -0.477778821 -0.720094756 
1.198234603 -0.462794986 -0.689925338 
1.209977081 -0.447940359 -0.659845258 
1.221724562 -0.432800559 -0.629469335 
1.233475702 -0.417001816 -0.598407677 
1.245218181 -0.400252975 -0.568973724 
1.256965661 -0.382348955 -0.538384486 
1.268716802 -0.363168201 -0.506518256 
1.280464282 -0.342711511 -0.474127737 
1.292206761 -0.321059487 -0.442797744 
1.303957901 -0.298448320 -0.410508668 
1.315705382 -0.275219420 -0.377601908 
1.327447860 -0.251837416 -0.346765663 
1.339199000 -0.228906290 -0.318603863 
1.350946481 -0.207158679 -0.291625557 
1.362697621 -0.187419793 -0.266655934 
1.374440100 -0.170588305 -0.247062525 
1.386187580 -0.157573024 -0.232108264 
1.397938721 -0.149238108 -0.221834305 
1.409686201 -0.146322514 -0.216979557 
1.433186201 -0.158702348 -0.233237556 
1.456676201 -0.195886508 -0.274576614 
1.480176201 -0.254952367 -0.339735639 
1.503666201 -0.330123867 -0.423100634 
1.527166201 -0.414577846 -0.522049726 
1.550656201 -0.501752193 -0.624477460 
1.574156201 -0.586063110 -0.725298812 
1.597646201 -0.663274191 -0.821893087 
1.621146201 -0.730743047 -0.911596704 
1.644636201 -0.787342406 -0.986184150 
1.668136201 -0.833153985 -1.047294567 
1.691626201 -0.868491443 -1.091239112 
1.715126201 -0.892380610 -1.121181259 
1.738616201 -0.901154212 -1.129263019 
1.762116201 -0.888664782 -1.113976423 
1.785606201 -0.849747588 -1.073341293 
1.809106201 -0.784637543 -1.006802894 
1.832596201 -0.700049696 -0.927146406 
1.856096201 -0.606252314 -0.837314391 
1.879586201 -0.512984972 -0.746340987 
1.903086201 -0.427386449 -0.661289573 
1.926576201 -0.353790538 -0.585773435 
1.950076201 -0.294037801 -0.523028418 
1.973566201 -0.247972567 -0.472915859 
1.997066201 -0.214161618 -0.435057888 
2.020556201 -0.190501373 -0.407353742 
2.044056201 -0.174796483 -0.382971404 
2.067546201 -0.165086137 -0.363040278 
2.091046201 -0.159875130 -0.355645548 
2.114536201 -0.158271043 -0.353002646 

0.000000000 -0.158271043 -0.353002646 
0.023498617 -0.159873809 -0.355641737 
0.046983574 -0.165070884 -0.360964562 
0.070482191 -0.174719403 -0.364378666 
0.093980808 -0.190235345 -0.376059492 
0.117479425 -0.213437425 -0.402641882 
0.140964382 -0.246303512 -0.438586974 
0.164462999 -0.290646180 -0.485508482 
0.187961616 -0.347549487 -0.543536316 
0.211451573 -0.416791154 -0.612447710 
0.234945191 -0.496165076 -0.687799307 
0.258443808 -0.581053509 -0.766427716 
0.281942425 -0.664256359 -0.841256254 
0.305432383 -0.736454157 -0.903820490 
0.328926001 -0.788403101 -0.954092541 
0.352424618 -0.814995022 -0.978871420 
0.375914575 -0.817736652 -0.988023765 
0.399413192 -0.802204605 -0.977194368 
0.422906811 -0.773614779 -0.942359902 
0.446405428 -0.734615746 -0.894796875 
0.469895385 -0.685547354 -0.830233578 
0.493394002 -0.625729494 -0.751853449 
0.516887620 -0.554818936 -0.657315951 
0.540377578 -0.473714323 -0.555335513 
0.563876195 -0.384856899 -0.448362688 
0.587374812 -0.292360686 -0.338313481 
0.610868430 -0.201868157 -0.230607191 
0.634358387 -0.120316898 -0.138839743 
0.657857004 -0.055346581 -0.065985445 
0.681355621 -0.013913035 -0.019061712 
0.704840578 0.000000000 0.000000000 
0.716588059 -0.003290282 -0.005864698 
0.728330537 -0.012699120 -0.017847789 
0.740081678 -0.027369534 -0.035092259 
0.751829158 -0.046291262 -0.057562928 
0.763571637 -0.068409690 -0.086155505 
0.775327776 -0.092688811 -0.116908685 
0.787070254 -0.118191021 -0.148884813 
0.798812732 -0.144097079 -0.183787006 
0.810568871 -0.169744431 -0.220952787 
0.822311350 -0.194633728 -0.257360379 
0.834053828 -0.218404279 -0.292649044 
0.845809967 -0.240811898 -0.328969830 
0.857552445 -0.261788453 -0.364658000 
0.869308584 -0.281349967 -0.398931165 
0.881051063 -0.299640714 -0.431933595 
0.892793541 -0.316895819 -0.466593503 
0.904549680 -0.333434680 -0.500528274 
0.916292158 -0.349672538 -0.534157988 
0.928034637 -0.366062487 -0.568104069 
0.939790776 -0.383116846 -0.603186124 
0.951533254 -0.401413232 -0.639483433 
0.963275733 -0.421520669 -0.677569281 
0.975031871 -0.444039981 -0.716109586 
0.986774350 -0.469496763 -0.755531366 
0.998521830 -0.498366401 -0.798189513 
1.010272971 -0.530938845 -0.844346682 
1.022015449 -0.567140300 -0.887654879 
1.033771588 -0.606129431 -0.926202439 
1.045514066 -0.645235146 -0.955463182 
1.057256545 -0.677527154 -0.969737932 
1.069012684 -0.645235146 -0.955463182 
1.080755162 -0.606129431 -0.926202439 
1.092502643 -0.567140300 -0.887654879 
1.104253783 -0.530938845 -0.844346682 
1.115996262 -0.498366401 -0.798189513 
1.127743742 -0.469496763 -0.755531366 
1.139494883 -0.444039981 -0.716109586 
1.151237361 -0.421520669 -0.677569281 
1.162984842 -0.401413232 -0.639483433 
1.174735982 -0.383116846 -0.603186124 
1.186483463 -0.366062487 -0.568104069 
1.198234603 -0.349672538 -0.534157988 
1.209977081 -0.333434680 -0.500528274 
1.221724562 -0.316895819 -0.466593503 
1.233475702 -0.299640714 -0.431933595 
1.245218181 -0.281349967 -0.398931165 
1.256965661 -0.261788453 -0.364658000 
1.268716802 -0.240811898 -0.328969830 
1.280464282 -0.218404279 -0.292649044 
1.292206761 -0.194633728 -0.257360379 
1.303957901 -0.169744431 -0.220952787 
1.315705382 -0.144097079 -0.183787006 
1.327447860 -0.118191021 -0.148884813 
1.339199000 -0.092688811 -0.116908685 
1.350946481 -0.068409690 -0.086155505 
1.362697621 -0.046291262 -0.057562928 
1.374440100 -0.027369534 -0.035092259 
1.386187580 -0.012699120 -0.017847789 
1.397938721 -0.003290282 -0.005864698 
1.409686201 0.000000000 -0.000000001 
1.433186201 -0.013913034 -0.019061711 
1.456676201 -0.055346579 -0.065985443 
1.480176201 -0.120316895 -0.138839740 
1.503666201 -0.201868154 -0.230607188 
1.527166201 -0.292360683 -0.338313478 
1.550656201 -0.384856896 -0.448362684 
1.574156201 -0.473714320 -0.555335509 
1.597646201 -0.554818934 -0.657315948 
1.621146201 -0.625729492 -0.751853446 
1.644636201 -0.685547353 -0.830233575 
1.668136201 -0.734615745 -0.894796874 
1.691626201 -0.773614778 -0.942359901 
1.715126201 -0.802204605 -0.977194368 
1.738616201 -0.817736653 -0.988023766 
1.762116201 -0.814995024 -0.978871422 
1.785606201 -0.788403104 -0.954092544 
1.809106201 -0.736454160 -0.903820493 
1.832596201 -0.664256362 -0.841256257 
1.856096201 -0.581053512 -0.766427720 
1.879586201 -0.496165079 -0.687799310 
1.903086201 -0.416791157 -0.612447713 
1.926576201 -0.347549490 -0.543536319 
1.950076201 -0.290646182 -0.485508484 
1.973566201 -0.246303513 -0.438586975 
1.997066201 -0.213437426 -0.402641883 
2.020556201 -0.190235346 -0.376059493 
2.044056201 -0.174719404 -0.364378666 
2.067546201 -0.165070884 -0.360964562 
2.091046201 -0.159873809 -0.355641737 
2.114536201 -0.158271043 -0.353002646 

0.000000000 2.796043295 3.431688182 
0.023498617 2.794183594 3.434281480 
0.046983574 2.775962608 3.422773421 
0.070482191 2.735093801 3.401103237 
0.093980808 2.681027897 3.364271801 
0.117479425 2.622823898 3.314199430 
0.140964382 2.519719525 3.145679003 
0.164462999 2.406348701 3.046909146 
0.187961616 2.299389087 2.956272216 
0.211451573 2.203810015 2.880356916 
0.234945191 2.114609260 2.829306574 
0.258443808 2.031258235 2.755676612 
0.281942425 1.957927498 2.696314958 
0.305432383 1.896744587 2.650049976 
0.328926001 1.851706361 2.621930215 
0.352424618 1.827515999 2.614889470 
0.375914575 1.828161246 2.631158649 
0.399413192 1.855489154 2.672548771 
0.422906811 1.908021252 2.727944665 
0.446405428 1.979919990 2.801205438 
0.469895385 2.059731112 2.876311787 
0.493394002 2.129550970 2.945879502 
0.516887620 2.168407409 2.990339726 
0.540377578 2.151883081 2.950108196 
0.563876195 2.100655935 2.915467063 
0.587374812 2.029351590 2.855939693 
0.610868430 1.948907949 2.785281977 
0.634358387 1.870618949 2.713555678 
0.657857004 1.805372137 2.653883043 
0.681355621 1.761424125 2.652084017 
0.704840578 1.744873086 2.635756329 
0.716588059 1.748952416 2.639726312 
0.728330537 1.760839578 2.651498873 
0.740081678 1.778863115 2.628518267 
0.751829158 1.801337567 2.650695220 
0.763571637 1.828465146 2.678442295 
0.775327776 1.859319707 2.709909366 
0.787070254 1.892948085 2.744147943 
0.798812732 1.928494443 2.780193747 
0.810568871 1.965087521 2.817147745 
0.822311350 2.001975707 2.854371432 
0.834053828 2.038483517 2.891203348 
0.845809967 2.073999359 2.929009781 
0.857552445 2.107962697 2.965848522 
0.869308584 2.139930248 3.000624411 
0.881051063 2.169472292 3.032928611 
0.892793541 2.196248583 3.062726029 
0.904549680 2.219994261 3.089315030 
0.916292158 2.240497487 3.112505930 
0.928034637 2.257678961 3.133400552 
0.939790776 2.271559556 3.154355300 
0.951533254 2.282264977 3.172006958 
0.963275733 2.290051071 3.186520215 
0.975031871 2.295307356 3.198063311 
0.986774350 2.298550680 3.207481602 
0.998521830 2.300376041 3.215485133 
1.010272971 2.301371431 3.222502888 
1.022015449 2.302178984 3.236272204 
1.033771588 2.303344306 3.253079573 
1.045514066 2.305286303 3.270845283 
1.057256545 2.308297624 3.289674301 
1.069012684 2.305286303 3.270845283 
1.080755162 2.303344306 3.253079573 
1.092502643 2.302178984 3.236272204 
1.104253783 2.301371431 3.222502888 
1.115996262 2.300376041 3.215485133 
1.127743742 2.298550680 3.207481602 
1.139494883 2.295307356 3.198063311 
1.151237361 2.290051071 3.186520215 
1.162984842 2.282264977 3.172006958 
1.174735982 2.271559556 3.154355300 
1.186483463 2.257678961 3.133400552 
1.198234603 2.240497487 3.112505930 
1.209977081 2.219994261 3.089315030 
1.221724562 2.196248583 3.062726029 
1.233475702 2.169472292 3.032928611 
1.245218181 2.139930248 3.000624411 
1.256965661 2.107962697 2.965848522 
1.268716802 2.073999359 2.929009781 
1.280464282 2.038483517 2.891203348 
1.292206761 2.001975707 2.854371432 
1.303957901 1.965087521 2.817147745 
1.315705382 1.928494443 2.780193747 
1.327447860 1.892948085 2.744147943 
1.339199000 1.859319707 2.709909366 
1.350946481 1.828465146 2.678442295 
1.362697621 1.801337567 2.650695220 
1.374440100 1.778863115 2.628518267 
1.386187580 1.760839578 2.651498873 
1.397938721 1.748952416 2.639726312 
1.409686201 1.744873086 2.635756329 
1.433186201 1.761424124 2.652084016 
1.456676201 1.805372135 2.653883041 
1.480176201 1.870618946 2.713555675 
1.503666201 1.948907946 2.785281974 
1.527166201 2.029351587 2.855939690 
1.550656201 2.100655933 2.915467061 
1.574156201 2.151883079 2.950108194 
1.597646201 2.168407409 2.990339726 
1.621146201 2.129550971 2.945879503 
1.644636201 2.059731113 2.876311788 
1.668136201 1.979919992 2.801205440 
1.691626201 1.908021254 2.727944667 
1.715126201 1.855489156 2.672548773 
1.738616201 1.828161248 2.631158651 
1.762116201 1.827516002 2.614889472 
1.785606201 1.851706364 2.621930217 
1.809106201 1.896744589 2.650049978 
1.832596201 1.957927501 2.696314960 
1.856096201 2.031258237 2.755676614 
1.879586201 2.114609261 2.829306575 
1.903086201 2.203810014 2.880356915 
1.926576201 2.299389085 2.956272215 
1.950076201 2.406348699 3.046909144 
1.973566201 2.519719522 3.145679001 
1.997066201 2.622823903 3.314199435 
2.020556201 2.681027903 3.364271806 
2.044056201 2.735093806 3.401103243 
2.067546201 2.775962613 3.422773426 
2.091046201 2.794183596 3.434281481 
2.114536201 2.796043295 3.431688182 

0.000000000 2.796043295 3.431688182 
0.023498617 2.795859980 3.435844602 
0.046983574 2.785200960 3.429233735 
0.070482191 2.751217791 3.401415450 
0.093980808 2.698652491 3.357024878 
0.117479425 2.624721797 3.257986175 
0.140964382 2.543834273 3.213272788 
0.164462999 2.424198915 3.098580883 
0.187961616 2.311152619 2.996250122 
0.211451573 2.207758571 2.909729366 
0.234945191 2.120823909 2.812450820 
0.258443808 2.049656136 2.753682456 
0.281942425 1.989400752 2.706568933 
0.305432383 1.940845913 2.671430574 
0.328926001 1.906998973 2.651159222 
0.352424618 1.891995629 2.649722324 
0.375914575 1.899372845 2.668425621 
0.399413192 1.930294978 2.709349824 
0.422906811 1.982108241 2.761534704 
0.446405428 2.047129850 2.826619451 
0.469895385 2.111820626 2.889175716 
0.493394002 2.158621185 2.937279511 
0.516887620 2.173176815 2.960646351 
0.540377578 2.164074627 2.996444131 
0.563876195 2.120261172 2.973924048 
0.587374812 2.049317816 2.916446940 
0.610868430 1.964971380 2.843032255 
0.634358387 1.880644095 2.765260159 
0.657857004 1.809082977 2.698896753 
0.681355621 1.762490809 2.612754655 
0.704840578 1.747715542 2.599200390 
0.716588059 1.751345362 2.602220539 
0.728330537 1.761923623 2.612187911 
0.740081678 1.779848616 2.670391606 
0.751829158 1.805022892 2.695929645 
0.763571637 1.835341820 2.728041975 
0.775327776 1.869749959 2.764233917 
0.787070254 1.907184502 2.803445530 
0.798812732 1.946703644 2.844750333 
0.810568871 1.987372241 2.887195486 
0.822311350 2.028392767 2.929969515 
0.834053828 2.069053098 2.972367159 
0.845809967 2.108705347 3.016153116 
0.857552445 2.146749351 3.059051590 
0.869308584 2.182681371 3.099762829 
0.881051063 2.215988764 3.137804920 
0.892793541 2.246209064 3.173252604 
0.904549680 2.272903791 3.204948761 
0.916292158 2.295644883 3.232467550 
0.928034637 2.314098166 3.257040602 
0.939790776 2.328023320 3.281867199 
0.951533254 2.337351453 3.302218216 
0.963275733 2.342239090 3.317864710 
0.975031871 2.343160084 3.327538740 
0.986774350 2.340858530 3.333032435 
0.998521830 2.336270835 3.336677176 
1.010272971 2.330319455 3.339029311 
1.022015449 2.323927676 3.328450952 
1.033771588 2.317826213 3.314297801 
1.045514066 2.312514295 3.301263879 
1.057256545 2.308297624 3.289674301 
1.069012684 2.312514295 3.301263879 
1.080755162 2.317826213 3.314297801 
1.092502643 2.323927676 3.328450952 
1.104253783 2.330319455 3.339029311 
1.115996262 2.336270835 3.336677176 
1.127743742 2.340858530 3.333032435 
1.139494883 2.343160084 3.327538740 
1.151237361 2.342239090 3.317864710 
1.162984842 2.337351453 3.302218216 
1.174735982 2.328023320 3.281867199 
1.186483463 2.314098166 3.257040602 
1.198234603 2.295644883 3.232467550 
1.209977081 2.272903791 3.204948761 
1.221724562 2.246209064 3.173252604 
1.233475702 2.215988764 3.137804920 
1.245218181 2.182681371 3.099762829 
1.256965661 2.146749351 3.059051590 
1.268716802 2.108705347 3.016153116 
1.280464282 2.069053098 2.972367159 
1.292206761 2.028392767 2.929969515 
1.303957901 1.987372241 2.887195486 
1.315705382 1.946703644 2.844750333 
1.327447860 1.907184502 2.803445530 
1.339199000 1.869749959 2.764233917 
1.350946481 1.835341820 2.728041975 
1.362697621 1.805022892 2.695929645 
1.374440100 1.779848616 2.670391606 
1.386187580 1.761923623 2.612187911 
1.397938721 1.751345362 2.602220539 
1.409686201 1.747715542 2.599200390 
1.433186201 1.762490808 2.612754654 
1.456676201 1.809082975 2.698896751 
1.480176201 1.880644092 2.765260156 
1.503666201 1.964971377 2.843032252 
1.527166201 2.049317813 2.916446937 
1.550656201 2.120261170 2.973924045 
1.574156201 2.164074625 2.996444130 
1.597646201 2.173176814 2.960646350 
1.621146201 2.158621185 2.937279511 
1.644636201 2.111820627 2.889175717 
1.668136201 2.047129851 2.826619452 
1.691626201 1.982108243 2.761534706 
1.715126201 1.930294980 2.709349826 
1.738616201 1.899372847 2.668425623 
1.762116201 1.891995631 2.649722326 
1.785606201 1.906998975 2.651159224 
1.809106201 1.940845915 2.671430576 
1.832596201 1.989400753 2.706568935 
1.856096201 2.049656137 2.753682457 
1.879586201 2.120823909 2.812450821 
1.903086201 2.207758571 2.909729366 
1.926576201 2.311152618 2.996250121 
1.950076201 2.424198914 3.098580882 
1.973566201 2.543834271 3.213272786 
1.997066201 2.624721797 3.257986171 
2.020556201 2.698652496 3.357024882 
2.044056201 2.751217797 3.401415456 
2.067546201 2.785200965 3.429233740 
2.091046201 2.795859981 3.435844604 
2.114536201 2.796043295 3.431688182 

0.000000000 2.875864829 3.505684628 
0.023498617 2.875441719 3.502989641 
0.046983574 2.884629879 3.509337184 
0.070482191 2.880655117 3.481946604 
0.093980808 2.784332976 3.395384245 
0.117479425 2.667559979 3.315207809 
0.140964382 2.569460453 3.283189382 
0.164462999 2.522894959 3.275025484 
0.187961616 2.489403829 3.271410496 
0.211451573 2.470497546 3.273984739 
0.234945191 2.466110335 3.273835415 
0.258443808 2.471097031 3.274106801 
0.281942425 2.465806361 3.188474072 
0.305432383 2.459210861 3.197875456 
0.328926001 2.468695746 3.235484418 
0.352424618 2.492077219 3.288970459 
0.375914575 2.525511465 3.350227579 
0.399413192 2.565241260 3.417542612 
0.422906811 2.608909796 3.488250170 
0.446405428 2.646366254 3.613401871 
0.469895385 2.683207446 3.672124989 
0.493394002 2.730025875 3.731008080 
0.516887620 2.799160545 3.797406345 
0.540377578 2.895072954 3.878461150 
0.563876195 3.004070628 3.954976581 
0.587374812 3.075224026 3.999402013 
0.610868430 3.061992944 3.944509562 
0.634358387 3.040046538 3.923906667 
0.657857004 3.019477817 3.904420014 
0.681355621 3.004402995 3.890456239 
0.704840578 2.998607803 3.885844664 
0.716588059 3.000257255 3.886891872 
0.728330537 3.005451001 3.891499771 
0.740081678 3.014532919 3.900012723 
0.751829158 3.027808725 3.912434693 
0.763571637 3.045535227 3.928413476 
0.775327776 3.067922546 3.949064562 
0.787070254 3.095119928 3.974540810 
0.798812732 3.127204071 4.004480954 
0.810568871 3.164103411 4.038679826 
0.822311350 3.187785089 4.102315374 
0.834053828 3.171987771 4.098679879 
0.845809967 3.138025398 4.071503367 
0.857552445 3.098467873 4.039528401 
0.869308584 3.057495748 4.006535319 
0.881051063 3.016810014 3.974034762 
0.892793541 2.977439944 3.939414656 
0.904549680 2.940203634 3.907188625 
0.916292158 2.905835691 3.878096181 
0.928034637 2.875031241 3.851303658 
0.939790776 2.848387252 3.823993389 
0.951533254 2.826338365 3.801149817 
0.963275733 2.809074631 3.783354470 
0.975031871 2.796514064 3.770034161 
0.986774350 2.788344566 3.759842846 
0.998521830 2.783994627 3.753033149 
1.010272971 2.782879091 3.749375397 
1.022015449 2.784408803 3.745417138 
1.033771588 2.788117481 3.742369852 
1.045514066 2.793655920 3.740824203 
1.057256545 2.800825148 3.740572777 
1.069012684 2.793655920 3.740824203 
1.080755162 2.788117481 3.742369852 
1.092502643 2.784408803 3.745417138 
1.104253783 2.782879091 3.749375397 
1.115996262 2.783994627 3.753033149 
1.127743742 2.788344566 3.759842846 
1.139494883 2.796514064 3.770034161 
1.151237361 2.809074631 3.783354470 
1.162984842 2.826338365 3.801149817 
1.174735982 2.848387252 3.823993389 
1.186483463 2.875031241 3.851303658 
1.198234603 2.905835691 3.878096181 
1.209977081 2.940203634 3.907188625 
1.221724562 2.977439944 3.939414656 
1.233475702 3.016810014 3.974034762 
1.245218181 3.057495748 4.006535319 
1.256965661 3.098467873 4.039528401 
1.268716802 3.138025398 4.071503367 
1.280464282 3.171987771 4.098679879 
1.292206761 3.187785089 4.102315374 
1.303957901 3.164103411 4.038679826 
1.315705382 3.127204071 4.004480954 
1.327447860 3.095119928 3.974540810 
1.339199000 3.067922546 3.949064562 
1.350946481 3.045535227 3.928413476 
1.362697621 3.027808725 3.912434693 
1.374440100 3.014532919 3.900012723 
1.386187580 3.005451001 3.891499771 
1.397938721 3.000257255 3.886891871 
1.409686201 2.998607803 3.885844664 
1.433186201 3.004402995 3.890456239 
1.456676201 3.019477817 3.904420013 
1.480176201 3.040046537 3.923906666 
1.503666201 3.061992943 3.944509561 
1.527166201 3.075224025 3.999402012 
1.550656201 3.004070628 3.954976581 
1.574156201 2.895072954 3.878461149 
1.597646201 2.799160543 3.797406344 
1.621146201 2.730025873 3.731008078 
1.644636201 2.683207444 3.672124987 
1.668136201 2.646366252 3.613401869 
1.691626201 2.608909795 3.488250169 
1.715126201 2.565241258 3.417542611 
1.738616201 2.525511463 3.350227578 
1.762116201 2.492077217 3.288970458 
1.785606201 2.468695744 3.235484417 
1.809106201 2.459210860 3.197875455 
1.832596201 2.465806360 3.188474072 
1.856096201 2.471097034 3.274106803 
1.879586201 2.466110339 3.273835419 
1.903086201 2.470497550 3.273984744 
1.926576201 2.489403834 3.271410501 
1.950076201 2.522894964 3.275025490 
1.973566201 2.569460458 3.283189387 
1.997066201 2.667559976 3.315207807 
2.020556201 2.784332972 3.395384242 
2.044056201 2.880655114 3.481946601 
2.067546201 2.884629874 3.509337179 
2.091046201 2.875441717 3.502989640 
2.114536201 2.875864829 3.505684628 

0.000000000 2.875864829 3.505684628 
0.023498617 2.876870437 3.504381609 
0.046983574 2.890720286 3.516903339 
0.070482191 2.882805181 3.471612428 
0.093980808 2.786962678 3.381453862 
0.117479425 2.690460939 3.353055063 
0.140964382 2.623768076 3.336432906 
0.164462999 2.576841479 3.316894467 
0.187961616 2.543330386 3.296077253 
0.211451573 2.521531792 3.272877432 
0.234945191 2.505819059 3.249114527 
0.258443808 2.485493692 3.196665814 
0.281942425 2.468263810 3.273874479 
0.305432383 2.467364276 3.273179669 
0.328926001 2.480033629 3.312009039 
0.352424618 2.504796659 3.366569617 
0.375914575 2.537601921 3.426123087 
0.399413192 2.574134081 3.489362800 
0.422906811 2.610865229 3.552813125 
0.446405428 2.657112575 3.560988199 
0.469895385 2.714879635 3.637192740 
0.493394002 2.791035210 3.724176042 
0.516887620 2.892028900 3.821310040 
0.540377578 3.014897088 3.935914876 
0.563876195 3.092718926 3.971801540 
0.587374812 3.081053063 3.961218268 
0.610868430 3.079655650 3.981292598 
0.634358387 3.066248454 3.964518549 
0.657857004 3.050047449 3.949125017 
0.681355621 3.037142633 3.937324424 
0.704840578 3.031991963 3.933391650 
0.716588059 3.033492812 3.934273985 
0.728330537 3.038248099 3.938424815 
0.740081678 3.046600002 3.946186477 
0.751829158 3.058828507 3.957545279 
0.763571637 3.075120860 3.972067705 
0.775327776 3.095530132 3.990658982 
0.787070254 3.119831031 4.013093699 
0.798812732 3.147092407 4.041382961 
0.810568871 3.173889580 4.074662979 
0.822311350 3.205451860 4.077021771 
0.834053828 3.249403860 4.117249793 
0.845809967 3.277110789 4.150473577 
0.857552445 3.249104034 4.138119829 
0.869308584 3.208413320 4.104584121 
0.881051063 3.166798759 4.068841344 
0.892793541 3.125940097 4.032450797 
0.904549680 3.086536212 3.997729038 
0.916292158 3.049071582 3.965138843 
0.928034637 3.013942308 3.933975081 
0.939790776 2.981445205 3.902306647 
0.951533254 2.951788405 3.873590982 
0.963275733 2.925046515 3.848011304 
0.975031871 2.901211345 3.823909109 
0.986774350 2.880195800 3.800859126 
0.998521830 2.861788616 3.780416935 
1.010272971 2.845765650 3.762521412 
1.022015449 2.831865878 3.753126614 
1.033771588 2.819863183 3.747404564 
1.045514066 2.809553392 3.743196323 
1.057256545 2.800825148 3.740572777 
1.069012684 2.809553392 3.743196323 
1.080755162 2.819863183 3.747404564 
1.092502643 2.831865878 3.753126614 
1.104253783 2.845765650 3.762521412 
1.115996262 2.861788616 3.780416935 
1.127743742 2.880195800 3.800859126 
1.139494883 2.901211345 3.823909109 
1.151237361 2.925046515 3.848011304 
1.162984842 2.951788405 3.873590982 
1.174735982 2.981445205 3.902306647 
1.186483463 3.013942308 3.933975081 
1.198234603 3.049071582 3.965138843 
1.209977081 3.086536212 3.997729038 
1.221724562 3.125940097 4.032450797 
1.233475702 3.166798759 4.068841344 
1.245218181 3.208413320 4.104584121 
1.256965661 3.249104034 4.138119829 
1.268716802 3.277110789 4.150473577 
1.280464282 3.249403860 4.117249793 
1.292206761 3.205451860 4.077021771 
1.303957901 3.173889580 4.074662979 
1.315705382 3.147092407 4.041382961 
1.327447860 3.119831031 4.013093699 
1.339199000 3.095530132 3.990658982 
1.350946481 3.075120860 3.972067705 
1.362697621 3.058828507 3.957545279 
1.374440100 3.046600002 3.946186477 
1.386187580 3.038248099 3.938424815 
1.397938721 3.033492812 3.934273985 
1.409686201 3.031991963 3.933391650 
1.433186201 3.037142633 3.937324424 
1.456676201 3.050047448 3.949125017 
1.480176201 3.066248453 3.964518548 
1.503666201 3.079655648 3.981292597 
1.527166201 3.081053062 3.961218267 
1.550656201 3.092718925 3.971801538 
1.574156201 3.014897088 3.935914875 
1.597646201 2.892028900 3.821310039 
1.621146201 2.791035209 3.724176040 
1.644636201 2.714879634 3.637192739 
1.668136201 2.657112573 3.560988197 
1.691626201 2.610865227 3.552813123 
1.715126201 2.574134080 3.489362798 
1.738616201 2.537601920 3.426123086 
1.762116201 2.504796658 3.366569616 
1.785606201 2.480033627 3.312009037 
1.809106201 2.467364275 3.273179667 
1.832596201 2.468263809 3.273874478 
1.856096201 2.485493693 3.196665814 
1.879586201 2.505819062 3.249114529 
1.903086201 2.521531797 3.272877436 
1.926576201 2.543330391 3.296077258 
1.950076201 2.576841485 3.316894472 
1.973566201 2.623768081 3.336432911 
1.997066201 2.690460941 3.353055069 
2.020556201 2.786962675 3.381453861 
2.044056201 2.882805176 3.471612424 
2.067546201 2.890720282 3.516903335 
2.091046201 2.876870435 3.504381608 
2.114536201 2.875864829 3.505684628 

0.000000000 3.053662647 3.612034057 
0.023498617 3.034963056 3.600926431 
0.046983574 2.979977771 3.556200896 
0.070482191 2.933399531 3.532175658 
0.093980808 2.932221244 3.522673508 
0.117479425 2.879283314 3.477840733 
0.140964382 2.815157448 3.422736868 
0.164462999 2.745253331 3.368155900 
0.187961616 2.674173194 3.318162633 
0.211451573 2.607424575 3.278038791 
0.234945191 2.551697585 3.269014644 
0.258443808 2.517230502 3.292469714 
0.281942425 2.523563046 3.342605184 
0.305432383 2.559878811 3.423464999 
0.328926001 2.610386564 3.487915498 
0.352424618 2.670366839 3.557982888 
0.375914575 2.736691129 3.626731382 
0.399413192 2.806324329 3.699140881 
0.422906811 2.876027625 3.771364183 
0.446405428 2.942388093 3.839723907 
0.469895385 3.001897013 3.898299095 
0.493394002 3.051333179 3.948194276 
0.516887620 3.084401385 3.963254359 
0.540377578 3.095868736 3.975312934 
0.563876195 3.130797617 4.044972246 
0.587374812 3.180654393 4.102236166 
0.610868430 3.281402962 4.206286274 
0.634358387 3.377772677 4.293055063 
0.657857004 3.451559341 4.355028440 
0.681355621 3.496590244 4.393926467 
0.704840578 3.511352702 4.403349789 
0.716588059 3.507845261 4.402507202 
0.728330537 3.497656445 4.394989386 
0.740081678 3.481369633 4.381377236 
0.751829158 3.459669452 4.362658226 
0.763571637 3.433294831 4.340217557 
0.775327776 3.403122765 4.314045254 
0.787070254 3.370212619 4.285200588 
0.798812732 3.336295228 4.253292045 
0.810568871 3.305480808 4.219885628 
0.822311350 3.290824569 4.195416653 
0.834053828 3.309647702 4.206124405 
0.845809967 3.331366697 4.210213635 
0.857552445 3.372721721 4.236159064 
0.869308584 3.431511475 4.288086440 
0.881051063 3.496064013 4.347108069 
0.892793541 3.564660304 4.410638568 
0.904549680 3.636418320 4.477275244 
0.916292158 3.710509636 4.546211037 
0.928034637 3.785996340 4.617255630 
0.939790776 3.861708089 4.691248491 
0.951533254 3.925154891 4.773241176 
0.963275733 3.964417857 4.816941161 
0.975031871 3.969606433 4.820728666 
0.986774350 3.953778078 4.801119175 
0.998521830 3.933064923 4.779060942 
1.010272971 3.913764993 4.759837511 
1.022015449 3.898190582 4.742372048 
1.033771588 3.887374287 4.728977207 
1.045514066 3.881840833 4.721038328 
1.057256545 3.881871998 4.718821683 
1.069012684 3.881840833 4.721038328 
1.080755162 3.887374287 4.728977207 
1.092502643 3.898190582 4.742372048 
1.104253783 3.913764993 4.759837511 
1.115996262 3.933064923 4.779060942 
1.127743742 3.953778078 4.801119175 
1.139494883 3.969606433 4.820728666 
1.151237361 3.964417857 4.816941161 
1.162984842 3.925154891 4.773241176 
1.174735982 3.861708089 4.691248491 
1.186483463 3.785996340 4.617255630 
1.198234603 3.710509636 4.546211037 
1.209977081 3.636418320 4.477275244 
1.221724562 3.564660304 4.410638568 
1.233475702 3.496064013 4.347108069 
1.245218181 3.431511475 4.288086440 
1.256965661 3.372721721 4.236159064 
1.268716802 3.331366697 4.210213635 
1.280464282 3.309647702 4.206124405 
1.292206761 3.290824569 4.195416653 
1.303957901 3.305480808 4.219885628 
1.315705382 3.336295228 4.253292045 
1.327447860 3.370212619 4.285200588 
1.339199000 3.403122765 4.314045254 
1.350946481 3.433294831 4.340217557 
1.362697621 3.459669452 4.362658226 
1.374440100 3.481369633 4.381377236 
1.386187580 3.497656445 4.394989386 
1.397938721 3.507845261 4.402507202 
1.409686201 3.511352702 4.403349790 
1.433186201 3.496590245 4.393926467 
1.456676201 3.451559342 4.355028440 
1.480176201 3.377772678 4.293055064 
1.503666201 3.281402963 4.206286274 
1.527166201 3.180654393 4.102236166 
1.550656201 3.130797616 4.044972245 
1.574156201 3.095868735 3.975312933 
1.597646201 3.084401385 3.963254358 
1.621146201 3.051333179 3.948194276 
1.644636201 3.001897014 3.898299095 
1.668136201 2.942388094 3.839723908 
1.691626201 2.876027627 3.771364184 
1.715126201 2.806324332 3.699140884 
1.738616201 2.736691132 3.626731385 
1.762116201 2.670366842 3.557982891 
1.785606201 2.610386567 3.487915501 
1.809106201 2.559878814 3.423465003 
1.832596201 2.523563049 3.342605187 
1.856096201 2.517230502 3.292469715 
1.879586201 2.551697584 3.269014644 
1.903086201 2.607424574 3.278038791 
1.926576201 2.674173194 3.318162633 
1.950076201 2.745253331 3.368155901 
1.973566201 2.815157450 3.422736870 
1.997066201 2.879283316 3.477840735 
2.020556201 2.932221246 3.522673510 
2.044056201 2.933399526 3.532175653 
2.067546201 2.979977768 3.556200892 
2.091046201 3.034963053 3.600926431 
2.114536201 3.053662647 3.612034057 

0.000000000 3.053662647 3.612034057 
0.023498617 3.038411100 3.603568586 
0.046983574 2.988534141 3.563923665 
0.070482191 2.950512319 3.554672088 
0.093980808 2.953706145 3.533126536 
0.117479425 2.903573147 3.475992092 
0.140964382 2.841690104 3.412189775 
0.164462999 2.773792707 3.360173338 
0.187961616 2.704402284 3.321814929 
0.211451573 2.640132695 3.301499548 
0.234945191 2.592470532 3.307646092 
0.258443808 2.577452646 3.372477320 
0.281942425 2.593211322 3.420324482 
0.305432383 2.627469742 3.481076965 
0.328926001 2.673950220 3.538792419 
0.352424618 2.729019101 3.603193447 
0.375914575 2.789569767 3.664932171 
0.399413192 2.852465921 3.729588794 
0.422906811 2.914347125 3.793012240 
0.446405428 2.971709402 3.851535791 
0.469895385 3.021052290 3.899232650 
0.493394002 3.059309881 3.937091607 
0.516887620 3.088415270 3.987434107 
0.540377578 3.112924038 4.017941687 
0.563876195 3.151423370 4.056011298 
0.587374812 3.285999458 4.175165413 
0.610868430 3.410107737 4.283014768 
0.634358387 3.514211683 4.375768650 
0.657857004 3.591481984 4.443218357 
0.681355621 3.638011697 4.484632019 
0.704840578 3.653160477 4.495317804 
0.716588059 3.649576876 4.493965421 
0.728330537 3.639185232 4.485805327 
0.740081678 3.622575688 4.471424003 
0.751829158 3.600405927 4.451759085 
0.763571637 3.573353235 4.428064512 
0.775327776 3.542124890 4.400198131 
0.787070254 3.507398631 4.368832016 
0.798812732 3.469882111 4.335648587 
0.810568871 3.430312629 4.301541046 
0.822311350 3.389653818 4.266686985 
0.834053828 3.350256705 4.233838920 
0.845809967 3.350863538 4.242166247 
0.857552445 3.402199781 4.286772754 
0.869308584 3.459753399 4.337279467 
0.881051063 3.521975273 4.392323455 
0.892793541 3.587861755 4.453289001 
0.904549680 3.656479345 4.516948463 
0.916292158 3.726724161 4.582214110 
0.928034637 3.797078205 4.647794628 
0.939790776 3.865030221 4.712794573 
0.951533254 3.935793328 4.765129089 
0.963275733 4.002566832 4.836257472 
0.975031871 4.024122050 4.855485608 
0.986774350 3.996396142 4.823340434 
0.998521830 3.965599012 4.794093360 
1.010272971 3.938398386 4.770009870 
1.022015449 3.916046493 4.749301140 
1.033771588 3.899035323 4.733396967 
1.045514066 3.887606987 4.723203931 
1.057256545 3.881871998 4.718821683 
1.069012684 3.887606987 4.723203931 
1.080755162 3.899035323 4.733396967 
1.092502643 3.916046493 4.749301140 
1.104253783 3.938398386 4.770009870 
1.115996262 3.965599012 4.794093360 
1.127743742 3.996396142 4.823340434 
1.139494883 4.024122050 4.855485608 
1.151237361 4.002566832 4.836257472 
1.162984842 3.935793328 4.765129089 
1.174735982 3.865030221 4.712794573 
1.186483463 3.797078205 4.647794628 
1.198234603 3.726724161 4.582214110 
1.209977081 3.656479345 4.516948463 
1.221724562 3.587861755 4.453289001 
1.233475702 3.521975273 4.392323455 
1.245218181 3.459753399 4.337279467 
1.256965661 3.402199781 4.286772754 
1.268716802 3.350863538 4.242166247 
1.280464282 3.350256705 4.233838920 
1.292206761 3.389653818 4.266686985 
1.303957901 3.430312629 4.301541046 
1.315705382 3.469882111 4.335648587 
1.327447860 3.507398631 4.368832016 
1.339199000 3.542124890 4.400198131 
1.350946481 3.573353235 4.428064512 
1.362697621 3.600405927 4.451759085 
1.374440100 3.622575688 4.471424003 
1.386187580 3.639185232 4.485805327 
1.397938721 3.649576876 4.493965421 
1.409686201 3.653160477 4.495317804 
1.433186201 3.638011697 4.484632019 
1.456676201 3.591481984 4.443218358 
1.480176201 3.514211684 4.375768650 
1.503666201 3.410107738 4.283014769 
1.527166201 3.285999459 4.175165413 
1.550656201 3.151423370 4.056011298 
1.574156201 3.112924037 4.017941687 
1.597646201 3.088415270 3.987434107 
1.621146201 3.059309881 3.937091607 
1.644636201 3.021052290 3.899232650 
1.668136201 2.971709403 3.851535792 
1.691626201 2.914347127 3.793012242 
1.715126201 2.852465923 3.729588796 
1.738616201 2.789569769 3.664932174 
1.762116201 2.729019104 3.603193450 
1.785606201 2.673950223 3.538792422 
1.809106201 2.627469746 3.481076969 
1.832596201 2.593211326 3.420324485 
1.856096201 2.577452648 3.372477324 
1.879586201 2.592470533 3.307646095 
1.903086201 2.640132696 3.301499549 
1.926576201 2.704402285 3.321814931 
1.950076201 2.773792709 3.360173340 
1.973566201 2.841690107 3.412189778 
1.997066201 2.903573150 3.475992095 
2.020556201 2.953706147 3.533126538 
2.044056201 2.950512315 3.554672087 
2.067546201 2.988534137 3.563923661 
2.091046201 3.038411096 3.603568586 
2.114536201 3.053662647 3.612034057 

0.000000000 3.058621172 3.606069031 
0.023498617 3.048495799 3.607211303 
0.046983574 3.027676835 3.596382118 
0.070482191 3.003104789 3.611149902 
0.093980808 2.996441099 3.609726720 
0.117479425 3.073474205 3.712867636 
0.140964382 3.169694382 3.832216542 
0.164462999 3.278741771 3.949734891 
0.187961616 3.397059977 4.078228674 
0.211451573 3.521223641 4.214402611 
0.234945191 3.647835533 4.353546155 
0.258443808 3.773598907 4.491996530 
0.281942425 3.895411396 4.627247467 
0.305432383 4.010451129 4.755722921 
0.328926001 4.116401404 4.875613686 
0.352424618 4.211577287 4.984229343 
0.375914575 4.295144114 5.080939531 
0.399413192 4.367321013 5.165776369 
0.422906811 4.429436246 5.240472615 
0.446405428 4.483886708 5.306397805 
0.469895385 4.528640841 5.377718864 
0.493394002 4.564455918 5.421927055 
0.516887620 4.601600317 5.466691159 
0.540377578 4.642335296 5.513434005 
0.563876195 4.687262085 5.562767244 
0.587374812 4.735054551 5.614185892 
0.610868430 4.782855647 5.665111949 
0.634358387 4.826848178 5.710847800 
0.657857004 4.862877212 5.748167770 
0.681355621 4.886965192 5.773104862 
0.704840578 4.895638848 5.782508425 
0.716588059 4.893331324 5.779847159 
0.728330537 4.886274391 5.772421530 
0.740081678 4.874329820 5.760092794 
0.751829158 4.857433175 5.742668048 
0.763571637 4.835594591 5.719905479 
0.775327776 4.808916416 5.692293023 
0.787070254 4.777597195 5.660028414 
0.798812732 4.741921060 5.622961565 
0.810568871 4.702222218 5.581416335 
0.822311350 4.658921446 5.536247970 
0.834053828 4.612508759 5.487952136 
0.845809967 4.563547662 5.436576599 
0.857552445 4.512612496 5.383054963 
0.869308584 4.460363724 5.328209535 
0.881051063 4.407483535 5.272703156 
0.892793541 4.354714360 5.216114739 
0.904549680 4.302860830 5.160440429 
0.916292158 4.252866411 5.106616248 
0.928034637 4.206012799 5.055767738 
0.939790776 4.164454693 5.008572762 
0.951533254 4.133083656 4.968278232 
0.963275733 4.097298686 4.908974274 
0.975031871 4.104999616 4.911553279 
0.986774350 4.161845293 4.966084018 
0.998521830 4.220411523 5.016371285 
1.010272971 4.272766498 5.058868658 
1.022015449 4.316352846 5.099931195 
1.033771588 4.349454199 5.133009408 
1.045514066 4.370801797 5.154216346 
1.057256545 4.379603172 5.162766255 
1.069012684 4.370801797 5.154216346 
1.080755162 4.349454199 5.133009408 
1.092502643 4.316352846 5.099931195 
1.104253783 4.272766498 5.058868658 
1.115996262 4.220411523 5.016371285 
1.127743742 4.161845293 4.966084018 
1.139494883 4.104999616 4.911553279 
1.151237361 4.097298686 4.908974274 
1.162984842 4.133083656 4.968278232 
1.174735982 4.164454693 5.008572762 
1.186483463 4.206012799 5.055767738 
1.198234603 4.252866411 5.106616248 
1.209977081 4.302860830 5.160440429 
1.221724562 4.354714360 5.216114739 
1.233475702 4.407483535 5.272703156 
1.245218181 4.460363724 5.328209535 
1.256965661 4.512612496 5.383054963 
1.268716802 4.563547662 5.436576599 
1.280464282 4.612508759 5.487952136 
1.292206761 4.658921446 5.536247970 
1.303957901 4.702222218 5.581416335 
1.315705382 4.741921060 5.622961565 
1.327447860 4.777597195 5.660028414 
1.339199000 4.808916416 5.692293023 
1.350946481 4.835594591 5.719905479 
1.362697621 4.857433175 5.742668048 
1.374440100 4.874329820 5.760092794 
1.386187580 4.886274391 5.772421530 
1.397938721 4.893331324 5.779847159 
1.409686201 4.895638848 5.782508424 
1.433186201 4.886965193 5.773104863 
1.456676201 4.862877215 5.748167772 
1.480176201 4.826848182 5.710847804 
1.503666201 4.782855651 5.665111954 
1.527166201 4.735054556 5.614185896 
1.550656201 4.687262090 5.562767249 
1.574156201 4.642335301 5.513434010 
1.597646201 4.601600322 5.466691164 
1.621146201 4.564455922 5.421927060 
1.644636201 4.528640844 5.377718867 
1.668136201 4.483886711 5.306397808 
1.691626201 4.429436248 5.240472618 
1.715126201 4.367321015 5.165776371 
1.738616201 4.295144115 5.080939532 
1.762116201 4.211577287 4.984229342 
1.785606201 4.116401403 4.875613685 
1.809106201 4.010451127 4.755722919 
1.832596201 3.895411393 4.627247465 
1.856096201 3.773598904 4.491996527 
1.879586201 3.647835529 4.353546152 
1.903086201 3.521223636 4.214402607 
1.926576201 3.397059972 4.078228669 
1.950076201 3.278741765 3.949734886 
1.973566201 3.169694376 3.832216536 
1.997066201 3.073474199 3.712867629 
2.020556201 2.996441094 3.609726715 
2.044056201 3.003104790 3.611149900 
2.067546201 3.027676838 3.596382121 
2.091046201 3.048495803 3.607211304 
2.114536201 3.058621172 3.606069031 

0.000000000 3.058621172 3.606069031 
0.023498617 3.051773973 3.609763295 
0.046983574 3.033692548 3.599412471 
0.070482191 3.003861171 3.587897827 
0.093980808 3.033987423 3.691499969 
0.117479425 3.115096263 3.783935590 
0.140964382 3.214766081 3.896391156 
0.164462999 3.326745616 4.018256960 
0.187961616 3.447212115 4.149796852 
0.211451573 3.572667779 4.287389238 
0.234945191 3.699706235 4.426925760 
0.258443808 3.825025356 4.564754085 
0.281942425 3.945494327 4.698198357 
0.305432383 4.058228747 4.823957102 
0.328926001 4.160809150 4.940097379 
0.352424618 4.251413566 5.043900227 
0.375914575 4.329051812 5.133940507 
0.399413192 4.393793494 5.210716320 
0.422906811 4.446872175 5.275823637 
0.446405428 4.490706352 5.330619622 
0.469895385 4.533803897 5.366116973 
0.493394002 4.582505472 5.423597687 
0.516887620 4.632738148 5.481530094 
0.540377578 4.685945768 5.540683635 
0.563876195 4.742001117 5.601167728 
0.587374812 4.799104375 5.661642422 
0.610868430 4.854223968 5.719511195 
0.634358387 4.903599656 5.770451118 
0.657857004 4.943251620 5.811208408 
0.681355621 4.969398578 5.837975662 
0.704840578 4.978730586 5.847797307 
0.716588059 4.976264477 5.845097659 
0.728330537 4.968738308 5.837322840 
0.740081678 4.956022530 5.824342258 
0.751829158 4.938060629 5.805989801 
0.763571637 4.914870152 5.782072796 
0.775327776 4.886560912 5.753028995 
0.787070254 4.853338341 5.719061272 
0.798812732 4.815493141 5.680093580 
0.810568871 4.773365155 5.636471036 
0.822311350 4.727378922 5.588982480 
0.834053828 4.678025451 5.538116494 
0.845809967 4.625863990 5.484028094 
0.857552445 4.571457567 5.427562676 
0.869308584 4.515444584 5.369489485 
0.881051063 4.458466484 5.310442911 
0.892793541 4.401192007 5.250009390 
0.904549680 4.344293844 5.189967930 
0.916292158 4.288458967 5.130999976 
0.928034637 4.234424385 5.073134121 
0.939790776 4.183041009 5.015278087 
0.951533254 4.135663256 4.959904704 
0.963275733 4.124220494 4.946363347 
0.975031871 4.150188241 4.965954816 
0.986774350 4.196914211 5.009465877 
0.998521830 4.247025514 5.053925523 
1.010272971 4.292945246 5.092777473 
1.022015449 4.331052697 5.126213993 
1.033771588 4.359108204 5.150427503 
1.045514066 4.375595581 5.162909623 
1.057256545 4.379603172 5.162766255 
1.069012684 4.375595581 5.162909623 
1.080755162 4.359108204 5.150427503 
1.092502643 4.331052697 5.126213993 
1.104253783 4.292945246 5.092777473 
1.115996262 4.247025514 5.053925523 
1.127743742 4.196914211 5.009465877 
1.139494883 4.150188241 4.965954816 
1.151237361 4.124220494 4.946363347 
1.162984842 4.135663256 4.959904704 
1.174735982 4.183041009 5.015278087 
1.186483463 4.234424385 5.073134121 
1.198234603 4.288458967 5.130999976 
1.209977081 4.344293844 5.189967930 
1.221724562 4.401192007 5.250009390 
1.233475702 4.458466484 5.310442911 
1.245218181 4.515444584 5.369489485 
1.256965661 4.571457567 5.427562676 
1.268716802 4.625863990 5.484028094 
1.280464282 4.678025451 5.538116494 
1.292206761 4.727378922 5.588982480 
1.303957901 4.773365155 5.636471036 
1.315705382 4.815493141 5.680093580 
1.327447860 4.853338341 5.719061272 
1.339199000 4.886560912 5.753028995 
1.350946481 4.914870152 5.782072796 
1.362697621 4.938060629 5.805989801 
1.374440100 4.956022530 5.824342258 
1.386187580 4.968738308 5.837322840 
1.397938721 4.976264477 5.845097659 
1.409686201 4.978730586 5.847797307 
1.433186201 4.969398579 5.837975663 
1.456676201 4.943251622 5.811208410 
1.480176201 4.903599660 5.770451121 
1.503666201 4.854223972 5.719511199 
1.527166201 4.799104380 5.661642427 
1.550656201 4.742001123 5.601167733 
1.574156201 4.685945773 5.540683640 
1.597646201 4.632738153 5.481530099 
1.621146201 4.582505476 5.423597691 
1.644636201 4.533803901 5.366116977 
1.668136201 4.490706355 5.330619624 
1.691626201 4.446872176 5.275823639 
1.715126201 4.393793495 5.210716321 
1.738616201 4.329051812 5.133940507 
1.762116201 4.251413566 5.043900227 
1.785606201 4.160809149 4.940097378 
1.809106201 4.058228745 4.823957101 
1.832596201 3.945494325 4.698198354 
1.856096201 3.825025353 4.564754082 
1.879586201 3.699706231 4.426925756 
1.903086201 3.572667775 4.287389234 
1.926576201 3.447212110 4.149796848 
1.950076201 3.326745611 4.018256955 
1.973566201 3.214766076 3.896391150 
1.997066201 3.115096257 3.783935585 
2.020556201 3.033987418 3.691499965 
2.044056201 3.003861174 3.587897829 
2.067546201 3.033692551 3.599412475 
2.091046201 3.051773976 3.609763295 
2.114536201 3.058621172 3.606069031 

